              precision    recall  f1-score   support

           0       0.96      0.95      0.96       362
           1       0.83      0.92      0.87       449
           2       0.88      0.89      0.89       370
           3       0.97      0.91      0.94       539
           4       0.93      0.87      0.90       431
           5       0.80      0.85      0.83       123

    accuracy                           0.91      2274
   macro avg       0.90      0.90      0.90      2274
weighted avg       0.91      0.91      0.91      2274
