              precision    recall  f1-score   support

           0       0.97      0.90      0.94        41
           1       0.79      0.87      0.83        52
           2       0.80      0.80      0.80        40
           3       0.91      0.87      0.89        55
           4       0.92      0.88      0.90        51
           5       0.75      0.86      0.80        14

    accuracy                           0.87       253
   macro avg       0.86      0.86      0.86       253
weighted avg       0.87      0.87      0.87       253
