              precision    recall  f1-score   support

           0       0.97      0.80      0.88        41
           1       0.78      0.96      0.86        52
           2       0.87      0.82      0.85        40
           3       0.95      0.69      0.80        55
           4       0.86      0.82      0.84        51
           5       0.43      0.86      0.57        14

    accuracy                           0.82       253
   macro avg       0.81      0.83      0.80       253
weighted avg       0.86      0.82      0.83       253
