              precision    recall  f1-score   support

           0       1.00      0.86      0.93       362
           1       0.81      0.99      0.89       449
           2       0.96      0.97      0.97       370
           3       0.99      0.85      0.91       539
           4       0.94      0.85      0.89       431
           5       0.66      0.97      0.79       123

    accuracy                           0.91      2274
   macro avg       0.89      0.92      0.90      2274
weighted avg       0.92      0.91      0.91      2274
