              precision    recall  f1-score   support

           0       1.00      0.92      0.96       362
           1       0.98      0.99      0.98       449
           2       0.98      1.00      0.99       370
           3       0.95      1.00      0.97       539
           4       0.99      0.98      0.98       431
           5       1.00      0.91      0.95       123

    accuracy                           0.98      2274
   macro avg       0.98      0.97      0.97      2274
weighted avg       0.98      0.98      0.98      2274
