              precision    recall  f1-score   support

           0       1.00      0.90      0.95        41
           1       0.87      0.87      0.87        52
           2       0.84      0.95      0.89        40
           3       0.86      0.98      0.92        55
           4       0.90      0.86      0.88        51
           5       1.00      0.50      0.67        14

    accuracy                           0.89       253
   macro avg       0.91      0.84      0.86       253
weighted avg       0.90      0.89      0.89       253
