              precision    recall  f1-score   support

           0       0.83      0.98      0.90        41
           1       0.93      0.75      0.83        52
           2       0.74      1.00      0.85        40
           3       0.98      0.84      0.90        55
           4       0.96      0.90      0.93        51
           5       0.71      0.71      0.71        14

    accuracy                           0.87       253
   macro avg       0.86      0.86      0.85       253
weighted avg       0.89      0.87      0.87       253
