              precision    recall  f1-score   support

           0       0.95      1.00      0.97       362
           1       0.97      0.96      0.97       449
           2       0.87      0.98      0.92       370
           3       1.00      0.91      0.96       539
           4       0.96      0.97      0.96       431
           5       0.87      0.78      0.82       123

    accuracy                           0.95      2274
   macro avg       0.94      0.93      0.93      2274
weighted avg       0.95      0.95      0.95      2274
