              precision    recall  f1-score   support

           0       0.00      0.00      0.00       362
           1       0.00      0.00      0.00       449
           2       0.00      0.00      0.00       370
           3       0.00      0.00      0.00       539
           4       0.00      0.00      0.00       431
           5       0.05      1.00      0.10       123

    accuracy                           0.05      2274
   macro avg       0.01      0.17      0.02      2274
weighted avg       0.00      0.05      0.01      2274
