              precision    recall  f1-score   support

           0       0.73      0.55      0.63       362
           1       0.00      0.00      0.00       449
           2       0.26      0.92      0.40       370
           3       0.00      0.00      0.00       539
           4       0.37      0.42      0.39       431
           5       0.21      0.33      0.26       123

    accuracy                           0.33      2274
   macro avg       0.26      0.37      0.28      2274
weighted avg       0.24      0.33      0.25      2274
