              precision    recall  f1-score   support

           0       0.67      0.71      0.69        41
           1       0.00      0.00      0.00        52
           2       0.25      0.85      0.39        40
           3       0.00      0.00      0.00        55
           4       0.36      0.45      0.40        51
           5       0.17      0.14      0.15        14

    accuracy                           0.35       253
   macro avg       0.24      0.36      0.27       253
weighted avg       0.23      0.35      0.26       253
