              precision    recall  f1-score   support

           0       0.97      0.96      0.96       362
           1       0.90      0.93      0.91       449
           2       0.95      0.91      0.93       370
           3       0.94      0.97      0.95       539
           4       0.95      0.88      0.92       431
           5       0.83      0.93      0.88       123

    accuracy                           0.93      2274
   macro avg       0.92      0.93      0.93      2274
weighted avg       0.93      0.93      0.93      2274
