              precision    recall  f1-score   support

           0       0.95      0.93      0.94        41
           1       0.90      0.73      0.81        52
           2       0.90      0.70      0.79        40
           3       0.74      0.98      0.84        55
           4       0.90      0.86      0.88        51
           5       0.56      0.71      0.62        14

    accuracy                           0.84       253
   macro avg       0.83      0.82      0.81       253
weighted avg       0.86      0.84      0.84       253
