              precision    recall  f1-score   support

           0       0.99      0.76      0.86       362
           1       0.86      0.91      0.88       449
           2       0.96      0.88      0.92       370
           3       0.92      0.95      0.93       539
           4       0.88      0.85      0.86       431
           5       0.56      0.97      0.71       123

    accuracy                           0.88      2274
   macro avg       0.86      0.88      0.86      2274
weighted avg       0.90      0.88      0.88      2274
