              precision    recall  f1-score   support

           0       1.00      0.71      0.83        41
           1       0.86      0.85      0.85        52
           2       0.85      0.70      0.77        40
           3       0.77      0.91      0.83        55
           4       0.90      0.88      0.89        51
           5       0.28      0.50      0.36        14

    accuracy                           0.80       253
   macro avg       0.78      0.76      0.76       253
weighted avg       0.84      0.80      0.81       253
