              precision    recall  f1-score   support

           0       1.00      0.05      0.09        41
           1       0.00      0.00      0.00        52
           2       0.00      0.00      0.00        40
           3       0.22      1.00      0.36        55
           4       0.00      0.00      0.00        51
           5       0.00      0.00      0.00        14

    accuracy                           0.23       253
   macro avg       0.20      0.17      0.08       253
weighted avg       0.21      0.23      0.09       253
