              precision    recall  f1-score   support

           0       0.94      0.08      0.15       362
           1       0.00      0.00      0.00       449
           2       0.00      0.00      0.00       370
           3       0.24      1.00      0.39       539
           4       0.00      0.00      0.00       431
           5       0.00      0.00      0.00       123

    accuracy                           0.25      2274
   macro avg       0.20      0.18      0.09      2274
weighted avg       0.21      0.25      0.12      2274
