              precision    recall  f1-score   support

           0       0.95      0.99      0.97       362
           1       0.95      0.90      0.93       449
           2       0.94      0.90      0.92       370
           3       0.98      0.92      0.95       539
           4       0.88      0.96      0.92       431
           5       0.90      0.98      0.94       123

    accuracy                           0.94      2274
   macro avg       0.93      0.94      0.94      2274
weighted avg       0.94      0.94      0.94      2274
