              precision    recall  f1-score   support

           0       0.70      0.98      0.82        41
           1       0.91      0.62      0.74        52
           2       0.91      0.72      0.81        40
           3       0.83      0.80      0.81        55
           4       0.75      0.90      0.82        51
           5       0.47      0.50      0.48        14

    accuracy                           0.78       253
   macro avg       0.76      0.75      0.75       253
weighted avg       0.80      0.78      0.78       253
