              precision    recall  f1-score   support

           0       0.44      0.81      0.57       362
           1       0.53      0.18      0.27       449
           2       0.74      0.29      0.42       370
           3       0.53      0.91      0.67       539
           4       0.47      0.43      0.45       431
           5       0.00      0.00      0.00       123

    accuracy                           0.51      2274
   macro avg       0.45      0.44      0.40      2274
weighted avg       0.51      0.51      0.46      2274
