              precision    recall  f1-score   support

           0       0.49      0.76      0.60        41
           1       0.70      0.13      0.23        52
           2       0.60      0.30      0.40        40
           3       0.44      0.93      0.60        55
           4       0.64      0.55      0.59        51
           5       0.00      0.00      0.00        14

    accuracy                           0.51       253
   macro avg       0.48      0.44      0.40       253
weighted avg       0.54      0.51      0.45       253
