              precision    recall  f1-score   support

           0       0.86      0.90      0.88        41
           1       0.72      0.81      0.76        52
           2       0.64      0.70      0.67        40
           3       0.92      0.64      0.75        55
           4       0.63      0.73      0.67        51
           5       0.45      0.36      0.40        14

    accuracy                           0.73       253
   macro avg       0.70      0.69      0.69       253
weighted avg       0.74      0.73      0.73       253
