              precision    recall  f1-score   support

           0       0.95      0.85      0.90       362
           1       0.56      0.82      0.67       449
           2       0.83      0.55      0.66       370
           3       0.96      0.61      0.74       539
           4       0.65      0.93      0.77       431
           5       0.88      0.66      0.75       123

    accuracy                           0.74      2274
   macro avg       0.81      0.74      0.75      2274
weighted avg       0.80      0.74      0.74      2274
