              precision    recall  f1-score   support

           0       0.47      0.74      0.57       362
           1       0.61      0.14      0.23       449
           2       0.72      0.28      0.40       370
           3       0.60      0.78      0.68       539
           4       0.52      0.56      0.54       431
           5       0.24      0.56      0.33       123

    accuracy                           0.51      2274
   macro avg       0.52      0.51      0.46      2274
weighted avg       0.56      0.51      0.48      2274
