              precision    recall  f1-score   support

           0       0.54      0.80      0.65        41
           1       0.50      0.10      0.16        52
           2       0.64      0.23      0.33        40
           3       0.53      0.80      0.64        55
           4       0.59      0.59      0.59        51
           5       0.21      0.50      0.29        14

    accuracy                           0.51       253
   macro avg       0.50      0.50      0.44       253
weighted avg       0.54      0.51      0.46       253
