              precision    recall  f1-score   support

           0       0.65      0.95      0.77       362
           1       0.60      0.63      0.61       449
           2       0.59      0.98      0.73       370
           3       0.90      0.63      0.74       539
           4       0.87      0.50      0.63       431
           5       0.89      0.20      0.33       123

    accuracy                           0.69      2274
   macro avg       0.75      0.65      0.64      2274
weighted avg       0.74      0.69      0.68      2274
