              precision    recall  f1-score   support

           0       0.57      0.90      0.70        41
           1       0.55      0.52      0.53        52
           2       0.55      0.88      0.67        40
           3       0.80      0.60      0.69        55
           4       0.90      0.53      0.67        51
           5       0.75      0.21      0.33        14

    accuracy                           0.64       253
   macro avg       0.69      0.61      0.60       253
weighted avg       0.69      0.64      0.63       253
