              precision    recall  f1-score   support

           0       0.00      0.00      0.00       362
           1       0.00      0.00      0.00       449
           2       0.16      1.00      0.28       370
           3       0.00      0.00      0.00       539
           4       0.00      0.00      0.00       431
           5       0.00      0.00      0.00       123

    accuracy                           0.16      2274
   macro avg       0.03      0.17      0.05      2274
weighted avg       0.03      0.16      0.05      2274
