              precision    recall  f1-score   support

           0       0.00      0.00      0.00        41
           1       0.00      0.00      0.00        52
           2       0.16      1.00      0.27        40
           3       0.00      0.00      0.00        55
           4       0.00      0.00      0.00        51
           5       0.00      0.00      0.00        14

    accuracy                           0.16       253
   macro avg       0.03      0.17      0.05       253
weighted avg       0.02      0.16      0.04       253
