              precision    recall  f1-score   support

           0       0.30      1.00      0.46        41
           1       0.79      0.63      0.70        52
           2       0.52      0.30      0.38        40
           3       0.77      0.60      0.67        55
           4       1.00      0.18      0.30        51
           5       0.00      0.00      0.00        14

    accuracy                           0.51       253
   macro avg       0.56      0.45      0.42       253
weighted avg       0.66      0.51      0.49       253
