              precision    recall  f1-score   support

           0       0.26      1.00      0.42       362
           1       0.77      0.68      0.72       449
           2       0.78      0.29      0.42       370
           3       0.79      0.42      0.55       539
           4       1.00      0.17      0.29       431
           5       1.00      0.05      0.09       123

    accuracy                           0.47      2274
   macro avg       0.77      0.43      0.42      2274
weighted avg       0.75      0.47      0.47      2274
