              precision    recall  f1-score   support

           0       0.00      0.00      0.00        41
           1       0.00      0.00      0.00        52
           2       0.29      0.42      0.34        40
           3       0.20      0.44      0.28        55
           4       0.40      0.59      0.48        51
           5       0.00      0.00      0.00        14

    accuracy                           0.28       253
   macro avg       0.15      0.24      0.18       253
weighted avg       0.17      0.28      0.21       253
