              precision    recall  f1-score   support

           0       0.00      0.00      0.00       362
           1       0.00      0.00      0.00       449
           2       0.29      0.41      0.34       370
           3       0.26      0.50      0.34       539
           4       0.35      0.59      0.44       431
           5       0.00      0.00      0.00       123

    accuracy                           0.30      2274
   macro avg       0.15      0.25      0.19      2274
weighted avg       0.18      0.30      0.22      2274
