              precision    recall  f1-score   support

           0       0.88      0.90      0.89        41
           1       0.83      0.65      0.73        52
           2       0.71      0.60      0.65        40
           3       0.61      0.95      0.74        55
           4       0.88      0.75      0.81        51
           5       0.75      0.43      0.55        14

    accuracy                           0.75       253
   macro avg       0.78      0.71      0.73       253
weighted avg       0.78      0.75      0.75       253
