              precision    recall  f1-score   support

           0       0.86      0.94      0.90       362
           1       0.84      0.87      0.86       449
           2       0.90      0.79      0.84       370
           3       0.84      0.97      0.90       539
           4       0.91      0.78      0.84       431
           5       0.85      0.67      0.75       123

    accuracy                           0.86      2274
   macro avg       0.87      0.84      0.85      2274
weighted avg       0.87      0.86      0.86      2274
