              precision    recall  f1-score   support

           0       0.81      0.18      0.30       362
           1       0.56      0.19      0.28       449
           2       0.65      0.21      0.31       370
           3       0.34      0.90      0.49       539
           4       0.40      0.46      0.43       431
           5       1.00      0.01      0.02       123

    accuracy                           0.40      2274
   macro avg       0.63      0.32      0.30      2274
weighted avg       0.56      0.40      0.35      2274
