              precision    recall  f1-score   support

           0       0.86      0.29      0.44        41
           1       0.50      0.06      0.10        52
           2       0.58      0.28      0.37        40
           3       0.28      0.93      0.43        55
           4       0.48      0.29      0.37        51
           5       0.00      0.00      0.00        14

    accuracy                           0.36       253
   macro avg       0.45      0.31      0.28       253
weighted avg       0.49      0.36      0.32       253
