              precision    recall  f1-score   support

           0       0.62      0.48      0.54       362
           1       0.33      0.54      0.41       449
           2       0.42      0.30      0.35       370
           3       0.51      0.44      0.47       539
           4       0.36      0.45      0.40       431
           5       0.00      0.00      0.00       123

    accuracy                           0.42      2274
   macro avg       0.37      0.37      0.36      2274
weighted avg       0.42      0.42      0.41      2274
