              precision    recall  f1-score   support

           0       0.68      0.61      0.64        41
           1       0.41      0.58      0.48        52
           2       0.44      0.40      0.42        40
           3       0.49      0.60      0.54        55
           4       0.51      0.39      0.44        51
           5       0.00      0.00      0.00        14

    accuracy                           0.49       253
   macro avg       0.42      0.43      0.42       253
weighted avg       0.47      0.49      0.48       253
