              precision    recall  f1-score   support

           0       0.93      0.93      0.93       362
           1       0.93      0.89      0.91       449
           2       0.88      0.89      0.89       370
           3       0.94      0.92      0.93       539
           4       0.90      0.92      0.91       431
           5       0.79      0.89      0.84       123

    accuracy                           0.91      2274
   macro avg       0.90      0.91      0.90      2274
weighted avg       0.91      0.91      0.91      2274
