              precision    recall  f1-score   support

           0       0.86      0.90      0.88        41
           1       0.88      0.67      0.76        52
           2       0.71      0.72      0.72        40
           3       0.80      0.93      0.86        55
           4       0.91      0.84      0.88        51
           5       0.56      0.71      0.62        14

    accuracy                           0.81       253
   macro avg       0.79      0.80      0.79       253
weighted avg       0.82      0.81      0.81       253
