              precision    recall  f1-score   support

           0       0.88      0.90      0.89        41
           1       0.81      0.56      0.66        52
           2       0.78      0.45      0.57        40
           3       0.56      0.98      0.71        55
           4       0.81      0.84      0.83        51
           5       0.50      0.07      0.12        14

    accuracy                           0.72       253
   macro avg       0.72      0.63      0.63       253
weighted avg       0.74      0.72      0.70       253
