              precision    recall  f1-score   support

           0       0.84      0.91      0.87       362
           1       0.79      0.82      0.80       449
           2       0.90      0.55      0.68       370
           3       0.77      0.96      0.86       539
           4       0.78      0.86      0.82       431
           5       0.84      0.22      0.35       123

    accuracy                           0.80      2274
   macro avg       0.82      0.72      0.73      2274
weighted avg       0.81      0.80      0.79      2274
