              precision    recall  f1-score   support

           0       0.81      0.95      0.88        41
           1       1.00      0.44      0.61        52
           2       0.71      0.72      0.72        40
           3       0.74      0.95      0.83        55
           4       0.86      0.84      0.85        51
           5       0.52      0.79      0.63        14

    accuracy                           0.78       253
   macro avg       0.77      0.78      0.75       253
weighted avg       0.81      0.78      0.77       253
