              precision    recall  f1-score   support

           0       0.96      0.95      0.95       362
           1       0.95      0.74      0.83       449
           2       0.85      0.84      0.84       370
           3       0.83      0.96      0.90       539
           4       0.87      0.89      0.88       431
           5       0.87      0.93      0.90       123

    accuracy                           0.88      2274
   macro avg       0.89      0.89      0.88      2274
weighted avg       0.89      0.88      0.88      2274
