              precision    recall  f1-score   support

           0       0.91      0.98      0.94        41
           1       0.96      0.92      0.94        52
           2       0.88      0.95      0.92        40
           3       0.96      0.89      0.92        55
           4       0.88      0.90      0.89        51
           5       0.85      0.79      0.81        14

    accuracy                           0.92       253
   macro avg       0.91      0.90      0.91       253
weighted avg       0.92      0.92      0.92       253
