              precision    recall  f1-score   support

           0       0.96      1.00      0.98       362
           1       0.96      0.97      0.96       449
           2       0.92      0.99      0.95       370
           3       1.00      0.94      0.97       539
           4       0.97      0.94      0.96       431
           5       0.88      0.89      0.89       123

    accuracy                           0.96      2274
   macro avg       0.95      0.95      0.95      2274
weighted avg       0.96      0.96      0.96      2274
