              precision    recall  f1-score   support

           0       0.78      0.47      0.59       362
           1       0.44      0.01      0.02       449
           2       0.82      0.10      0.18       370
           3       0.36      0.98      0.52       539
           4       0.40      0.48      0.44       431
           5       0.00      0.00      0.00       123

    accuracy                           0.42      2274
   macro avg       0.47      0.34      0.29      2274
weighted avg       0.51      0.42      0.33      2274
