              precision    recall  f1-score   support

           0       0.93      0.63      0.75        41
           1       0.00      0.00      0.00        52
           2       0.88      0.17      0.29        40
           3       0.34      1.00      0.51        55
           4       0.54      0.59      0.56        51
           5       0.00      0.00      0.00        14

    accuracy                           0.47       253
   macro avg       0.45      0.40      0.35       253
weighted avg       0.47      0.47      0.39       253
